1	116862
2	23195
3	9416
4	5623
5	3570
6	2621
7	1962
8	1635
9	1303
10	1093
11	921
12	777
13	725
14	600
15	573
16	516
17	454
18	419
19	359
20	317
21	296
22	294
23	235
24	270
25	228
26	192
27	239
28	200
29	177
30	174
31	157
32	145
33	168
34	131
35	156
36	146
37	112
38	127
39	131
40	132
41	118
42	126
43	111
44	101
45	96
46	98
47	101
48	100
49	71
50	83
51	91
52	82
53	85
54	70
55	51
56	60
57	62
58	63
59	68
60	59
61	51
62	48
63	52
64	46
65	54
66	58
67	56
68	54
69	43
70	43
71	41
72	55
73	47
74	37
75	36
76	37
77	28
78	50
79	29
80	35
81	53
82	37
83	37
84	30
85	35
86	43
87	30
88	25
89	40
90	30
91	23
92	31
93	31
94	29
95	28
96	40
97	31
98	29
99	24
100	35
101	23
102	19
103	13
104	25
105	31
106	23
107	27
108	12
109	25
110	20
111	24
112	20
113	29
114	22
115	25
116	27
117	14
118	20
119	20
120	21
121	20
122	19
123	11
124	21
125	27
126	18
127	18
128	15
129	24
130	16
131	18
132	18
133	13
134	14
135	11
136	16
137	12
138	22
139	18
140	14
141	11
142	4
143	9
144	11
145	12
146	15
147	19
148	12
149	21
150	10
151	4
152	16
153	9
154	8
155	14
156	6
157	15
158	8
159	7
160	18
161	19
162	9
163	9
164	10
165	13
166	11
167	14
168	9
169	5
170	12
171	5
172	11
173	10
174	11
175	6
176	12
177	9
178	8
179	9
180	10
181	9
182	10
183	6
184	10
185	9
186	6
187	13
188	11
189	7
190	13
191	10
192	7
193	13
194	8
195	15
196	5
197	10
198	8
199	7
200	16
201	9
202	13
203	10
204	13
205	8
206	13
207	5
208	8
209	14
210	8
211	12
212	5
213	9
214	6
215	10
216	6
217	9
218	3
219	8
220	8
221	6
222	4
223	7
224	6
225	7
226	9
227	9
228	8
229	3
230	7
231	7
232	9
233	9
234	4
235	8
236	7
237	8
238	5
239	10
240	7
241	2
242	5
243	10
244	8
245	7
246	9
247	3
248	8
249	3
250	9
251	5
252	4
253	7
254	3
255	6
256	6
257	6
258	11
259	5
260	4
261	7
262	6
263	6
264	5
265	3
266	5
267	7
268	2
269	4
270	7
271	7
272	7
273	7
274	6
275	5
276	3
277	6
278	5
279	5
280	10
281	8
282	8
283	4
284	6
285	6
286	2
287	6
288	5
289	7
290	5
291	6
292	3
293	7
294	7
295	7
296	9
297	4
298	5
299	3
300	4
301	6
302	7
303	7
304	2
305	6
306	6
308	4
309	8
310	5
311	3
312	3
313	6
314	2
315	6
316	2
317	3
318	5
319	3
320	2
321	3
322	8
323	2
324	5
325	6
326	3
327	2
328	5
329	4
330	5
331	1
332	5
333	3
334	1
335	1
336	7
337	3
338	2
339	2
340	2
341	7
342	4
343	2
344	2
345	7
346	5
347	2
348	4
349	1
350	1
351	4
352	2
353	1
354	3
355	5
356	1
357	4
358	3
359	1
360	2
361	3
362	2
363	2
364	2
365	1
367	4
368	4
369	5
370	5
371	2
372	2
373	2
374	5
375	4
376	5
377	3
378	2
379	4
380	4
381	1
382	3
383	6
384	3
385	3
386	3
387	1
389	2
390	4
391	3
392	2
393	3
394	2
395	3
396	2
397	4
398	2
399	1
400	2
401	2
402	5
403	2
404	4
405	1
406	5
407	2
408	7
409	2
410	3
411	3
412	6
414	1
415	2
417	5
418	3
419	5
420	2
421	2
422	4
423	1
424	2
425	4
426	2
427	1
428	3
429	5
430	1
431	1
432	3
433	4
434	4
435	3
436	1
437	3
438	3
439	3
440	2
443	3
444	2
445	1
447	2
448	2
449	1
450	2
451	3
452	4
453	2
454	4
455	2
456	2
457	4
458	2
459	4
461	1
462	1
463	3
464	4
465	4
466	3
467	1
468	2
469	2
470	4
471	1
472	1
473	1
474	3
475	1
476	3
477	1
478	3
479	4
480	2
482	2
484	2
485	5
486	4
487	2
489	2
490	3
491	3
492	1
493	1
494	3
495	1
496	4
497	3
498	3
499	3
500	7
501	4
502	2
503	4
504	2
505	2
506	1
507	3
508	5
509	1
510	4
511	2
512	2
513	3
514	4
515	4
517	1
518	1
519	1
520	1
522	1
523	3
524	1
525	8
526	1
527	5
528	2
529	1
530	3
531	2
532	6
533	2
534	3
535	2
536	5
537	2
538	3
539	1
540	2
541	2
542	3
543	1
544	3
545	3
546	2
548	2
549	2
552	1
553	2
554	2
555	6
556	1
557	4
558	1
559	1
560	1
561	2
563	2
564	1
565	2
567	1
568	1
570	1
571	1
572	1
573	2
574	2
575	1
576	1
577	1
578	2
579	3
581	2
582	3
584	2
585	1
586	1
587	3
588	1
589	2
591	2
592	3
593	1
594	1
595	2
596	3
598	4
599	2
600	2
602	2
603	3
604	2
605	2
607	2
608	1
610	1
612	1
613	2
617	1
618	2
619	2
621	3
622	2
623	1
625	1
626	1
627	1
628	2
629	2
630	3
632	2
633	2
634	5
636	3
637	2
639	3
640	2
641	2
643	1
644	1
645	1
647	1
649	2
652	2
653	1
654	2
655	1
656	2
657	3
658	2
659	1
662	1
663	2
664	1
665	1
666	1
667	2
669	2
671	1
673	5
675	2
676	1
678	2
679	4
681	3
682	1
683	2
684	3
685	1
686	1
687	1
688	1
689	1
690	1
692	2
694	1
696	3
698	1
700	3
703	1
706	1
707	1
708	2
709	2
713	1
714	1
716	2
717	1
718	1
719	1
721	1
723	2
724	1
725	1
726	1
727	1
728	1
729	1
730	1
733	1
734	1
736	1
737	6
739	4
742	1
743	3
744	2
745	1
746	1
747	1
748	3
752	1
753	2
754	1
755	1
756	2
757	2
758	2
759	1
760	2
761	1
762	2
764	1
766	1
768	3
770	2
771	1
772	1
773	2
774	1
777	2
778	1
779	3
780	1
782	1
784	2
785	1
786	2
788	1
790	1
791	2
793	1
795	3
797	2
800	1
802	2
804	1
805	2
806	1
807	1
808	1
810	2
811	3
813	2
814	2
817	1
819	2
820	2
823	1
827	1
831	1
834	1
837	1
839	2
840	2
846	1
848	1
852	2
858	1
859	2
860	1
863	1
864	1
867	1
870	2
871	1
872	3
873	1
874	2
875	2
876	1
881	3
888	2
889	1
893	2
894	1
895	1
896	1
898	1
899	1
901	2
904	4
906	3
907	2
910	3
911	1
913	2
915	1
916	1
918	1
920	1
922	1
924	2
925	1
926	2
927	2
931	1
933	1
935	1
937	2
940	3
941	3
942	1
946	1
950	2
951	1
953	1
955	1
958	1
959	1
961	2
962	1
964	2
966	1
968	2
969	1
970	1
980	1
982	1
984	1
991	1
994	3
995	3
1002	1
1003	2
1004	1
1008	1
1009	1
1014	1
1017	1
1023	2
1024	2
1025	1
1029	1
1031	3
1034	1
1036	1
1038	1
1040	1
1042	2
1043	2
1048	1
1049	1
1050	1
1051	1
1052	4
1058	1
1063	1
1064	1
1067	1
1068	1
1069	1
1070	1
1074	1
1080	1
1082	1
1083	1
1084	2
1087	1
1088	1
1092	1
1093	1
1096	1
1098	1
1099	1
1100	1
1103	1
1107	3
1116	2
1127	1
1131	1
1139	1
1140	1
1142	1
1146	1
1147	2
1151	1
1152	1
1154	1
1155	2
1157	1
1158	1
1159	1
1162	1
1164	1
1165	1
1168	2
1169	1
1170	1
1174	1
1178	1
1179	1
1181	1
1182	1
1187	1
1189	1
1190	2
1195	1
1196	2
1201	2
1203	1
1204	1
1205	1
1206	1
1208	1
1210	1
1211	1
1214	1
1219	1
1220	1
1222	1
1225	1
1226	1
1230	2
1234	1
1235	1
1237	1
1238	1
1242	1
1245	1
1250	1
1254	2
1255	1
1256	1
1268	1
1269	1
1272	2
1276	1
1280	1
1281	2
1282	1
1286	1
1289	2
1291	1
1294	1
1295	1
1297	1
1299	1
1308	1
1314	1
1315	1
1317	1
1318	1
1326	1
1331	1
1336	1
1340	1
1349	1
1350	2
1356	2
1364	1
1366	1
1369	1
1377	1
1384	2
1391	1
1392	1
1393	2
1404	1
1405	1
1408	1
1410	1
1414	1
1422	1
1423	1
1427	1
1431	1
1436	1
1443	1
1447	1
1458	1
1460	1
1467	1
1468	1
1469	1
1470	2
1479	1
1484	1
1488	2
1495	1
1497	1
1499	1
1501	1
1504	3
1512	1
1515	1
1523	1
1524	2
1528	1
1530	1
1536	1
1544	1
1545	1
1546	1
1557	1
1568	1
1572	1
1577	1
1579	1
1580	1
1581	1
1582	1
1583	1
1585	2
1587	1
1588	1
1599	1
1600	1
1607	2
1612	1
1613	2
1617	1
1619	2
1639	1
1642	1
1656	2
1657	2
1659	2
1665	2
1681	1
1684	1
1688	1
1689	2
1698	1
1702	1
1703	1
1706	1
1710	1
1724	1
1740	1
1765	1
1772	1
1776	1
1781	1
1789	1
1822	1
1827	1
1832	1
1865	1
1876	1
1878	1
1883	1
1889	1
1928	1
1935	1
1938	1
1941	2
1945	1
1950	1
1961	1
1969	1
1978	1
1987	1
1990	2
2003	1
2004	1
2012	1
2014	1
2022	1
2029	1
2032	1
2036	1
2060	2
2065	1
2102	1
2130	1
2168	1
2169	1
2172	1
2184	1
2202	1
2215	1
2218	1
2223	1
2238	1
2243	1
2272	1
2299	2
2311	1
2321	1
2330	1
2346	1
2370	1
2389	1
2396	2
2406	1
2432	1
2462	1
2469	1
2509	1
2520	1
2531	1
2543	1
2548	1
2607	1
2638	1
2723	1
2753	1
2777	1
2787	1
2827	1
2897	1
2939	1
2966	1
3047	1
3066	1
3108	1
3131	1
3257	1
3278	1
3350	1
3391	1
3397	1
3471	1
3721	1
3781	1
3861	1
3899	1
4239	1
4240	1
4257	1
4603	1
5546	1
6068	1
6352	1
6600	1
